0082   I 260901 0546 03
0103   I 260901 0746 03
01503  I 260901 0734 03
0159   I 260901 0648 03
0192   I 260901 0549 03
0238   O 260901 0723 03
04134  O 260901 0812 03
0451   I 260901 0601 03
05329  O 260901 0752 03
05556  I 260901 0622 03
07747  I 260901 0734 03
0836   I 260901 0743 03
0863   I 260901 0550 03
08859  I 260901 0553 03
0892   I 260901 0718 03
09136  I 260901 0551 03
0932   O 260901 0616 03
0936   I 260901 0654 03
0954   I 260901 0714 03
0984   I 260901 0555 03
1120   I 260901 0541 03
1157   O 260901 0644 03
1182   I 260901 0757 03
1323   O 260901 0631 03
1325   I 260901 0755 03
1359   I 260901 0655 03
1391   I 260901 0751 03
1408   O 260901 0808 03
1410   I 260901 0753 03
1414   I 260901 0626 03
1420   O 260901 0718 03
1425   O 260901 0712 03
1427   I 260901 0748 03
1446   I 260901 0659 03
1493   I 260901 0726 03
451    I 260901 0601 03
9022   O 260901 0712 03
SM549  O 260901 0808 03
SM550  O 260901 0636 03
0209   I 260901 0741 01
0492   O 260901 0605 01
0573   I 260901 0811 01
0578   I 260901 0747 01
1227   I 260901 1232 01
1246   O 260901 0616 01
1259   I 260901 0554 01
1346   I 260901 0554 01
1366   I 260901 0753 01
1428   I 260901 1218 01
1445   I 260901 0746 01
1497   O 260901 0628 01
1498   I 260901 0600 01
9056   O 260901 0616 01
0451   O 260802 0725 03
05329  I 260802 0617 03
0851   O 260802 0634 03
0871   I 260802 0554 03
08762  I 260802 0549 03
09113  O 260802 0611 03
09225  O 260802 0629 03
0932   I 260802 0554 03
0936   I 260802 0655 03
0990   O 260802 0150 03
1082   O 260802 0632 03
1120   O 260802 0608 03
1157   I 260802 0554 03
1217   O 260802 0629 03
1322   O 260802 0700 03
1362   O 260802 0700 03
1372   O 260802 0704 03
1391   I 260802 0749 03
1408   I 260802 0616 03
14120  I 260802 0704 03
1414   O 260802 0700 03
1420   I 260802 0704 03
1475   I 260802 0616 03
1476   O 260802 0700 03
1494   O 260802 0700 03
1496   I 260802 0625 03
451    O 260802 0725 03
SM550  O 260802 0700 03
0318   O 260802 0659 01
0318   I 260802 2027 01
0882   I 260802 0600 01
0882   O 260802 1532 01
1227   O 260802 0608 01
1227   I 260802 1950 01
1246   O 260802 0608 01
1246   I 260802 2026 01
1259   I 260802 1258 01
1259   O 260802 2232 01
1319   O 260802 0632 01
1319   I 260802 2027 01
1346   I 260802 0551 01
1346   O 260802 1531 01
1360   O 260802 0607 01
1360   I 260802 2021 01
1365   I 260802 0552 01
1365   O 260802 1533 01
1497   O 260802 0609 01
1497   I 260802 1933 01
1498   I 260802 1251 01
1498   O 260802 2231 01
0451   I 260802 2050 03
05329  O 260802 1734 03
05556  I 260802 2024 03
0851   I 260802 2048 03
0863   I 260802 1245 03
0863   O 260802 2233 03
0871   O 260802 1549 03
08762  O 260802 1535 03
08859  I 260802 1248 03
08859  O 260802 2239 03
0892   I 260802 1256 03
0892   O 260802 2234 03
09113  I 260802 2006 03
09136  I 260802 2031 03
0932   O 260802 1550 03
0936   O 260802 1633 03
0990   I 260802 1247 03
0990   O 260802 2309 03
1082   O 260802 1642 03
1155   I 260802 0932 03
1155   O 260802 1959 03
1157   O 260802 1549 03
1218   I 260802 0901 03
1218   O 260802 1915 03
1316   I 260802 1218 03
1316   O 260802 2203 03
1322   I 260802 2114 03
1362   I 260802 2112 03
1363   I 260802 0942 03
1363   O 260802 1932 03
1372   I 260802 2114 03
1391   O 260802 1737 03
1408   O 260802 1843 03
1414   I 260802 2116 03
1420   O 260802 1843 03
1421   I 260802 1152 03
1421   O 260802 2200 03
1434   I 260802 2019 03
1454   I 260802 0901 03
1454   O 260802 1915 03
1475   O 260802 1642 03
1476   I 260802 2114 03
1476   I 260802 2115 03
1494   I 260802 2111 03
1496   O 260802 1644 03
451    I 260802 2050 03
9022   I 260802 1226 03
9022   O 260802 2200 03
9040   I 260802 0928 03
9040   O 260802 1915 03
SM549  I 260802 1214 03
SM549  O 260802 2207 03
SM551  I 260802 0915 03
SM551  O 260802 1915 03
0209   I 260803 0745 01
0318   O 260803 0607 01
0492   I 260803 1228 01
0573   I 260803 0741 01
0578   I 260803 0750 01
1227   O 260803 0605 01
1246   O 260803 0607 01
1319   O 260803 0605 01
1346   I 260803 0551 01
1346   O 260803 1548 01
1355   I 260803 1259 01
1360   O 260803 0619 01
1366   I 260803 1240 01
1428   I 260803 0545 01
1428   O 260803 1531 01
1445   I 260803 0747 01
1497   O 260803 0608 01
0082   I 260803 0549 03
0082   O 260803 1628 03
0103   I 260803 0753 03
0103   O 260803 1742 03
01503  I 260803 0752 03
01503  O 260803 1724 03
0159   I 260803 0640 03
0159   O 260803 1718 03
0192   I 260803 0554 03
0192   O 260803 1623 03
04134  I 260803 0758 03
04134  I 260803 0759 03
04134  O 260803 1807 03
0451   O 260803 0709 03
0451   I 260803 2037 03
05329  I 260803 0617 03
05329  O 260803 1636 03
05556  O 260803 0707 03
05556  I 260803 1943 03
07747  I 260803 0739 03
07747  O 260803 1737 03
0836   I 260803 0742 03
0836   O 260803 1705 03
0849   I 260803 0759 03
0849   O 260803 1736 03
0851   O 260803 0633 03
0863   I 260803 1253 03
0863   O 260803 2252 03
0871   I 260803 0543 03
0871   O 260803 1615 03
08762  I 260803 2050 03
08859  I 260803 1232 03
08859  O 260803 2238 03
0892   I 260803 1252 03
0892   O 260803 2237 03
09113  O 260803 0632 03
09113  I 260803 2007 03
09136  O 260803 0632 03
09136  I 260803 2020 03
0932   I 260803 0535 03
0932   O 260803 1615 03
0936   I 260803 0653 03
0936   O 260803 1633 03
0954   I 260803 0729 03
0954   O 260803 1709 03
0984   I 260803 0719 03
0984   O 260803 1709 03
0990   I 260803 1251 03
0990   O 260803 2230 03
1082   I 260803 0642 03
1082   O 260803 1623 03
1182   I 260803 1217 03
1182   O 260803 2210 03
1316   I 260803 1224 03
1316   O 260803 2210 03
1322   O 260803 0701 03
1323   I 260803 0553 03
1323   O 260803 1533 03
1325   I 260803 1955 03
1359   I 260803 0704 03
1359   O 260803 1733 03
1362   O 260803 0700 03
1362   I 260803 2108 03
1372   O 260803 0703 03
1372   I 260803 2112 03
1391   I 260803 0754 03
1391   O 260803 1736 03
1393   I 260803 0754 03
1393   O 260803 1732 03
1414   O 260803 0707 03
1414   I 260803 2122 03
1420   O 260803 1705 03
1425   I 260803 0635 03
1425   O 260803 1621 03
1427   I 260803 0757 03
1427   O 260803 1735 03
1434   O 260803 0624 03
1434   I 260803 2011 03
1446   I 260803 0707 03
1446   O 260803 1726 03
1475   I 260803 0623 03
1475   O 260803 1633 03
1476   O 260803 0707 03
1476   I 260803 2114 03
1494   O 260803 0701 03
1494   I 260803 2104 03
1496   I 260803 0623 03
1496   O 260803 1633 03
451    O 260803 0709 03
451    I 260803 2037 03
SM549  I 260803 1213 03
SM549  O 260803 2210 03
0209   O 260803 1745 01
0318   I 260803 2021 01
0492   O 260803 2231 01
0573   O 260803 1814 01
0578   O 260803 1814 01
1227   I 260803 2010 01
1319   I 260803 2025 01
1355   O 260803 2231 01
1366   O 260803 2233 01
1445   O 260803 1744 01
1497   I 260803 1947 01
9056   I 260803 2027 01
0082   I 260804 0542 03
0082   O 260804 1741 03
0103   I 260804 0750 03
0103   O 260804 1740 03
01503  I 260804 0745 03
01503  O 260804 1705 03
0159   I 260804 0644 03
0159   O 260804 1731 03
0192   I 260804 0549 03
0192   O 260804 1616 03
0238   I 260804 2106 03
04134  I 260804 0759 03
04134  O 260804 1811 03
0451   O 260804 0711 03
0451   I 260804 2050 03
05329  I 260804 0613 03
05329  O 260804 1658 03
05556  O 260804 0701 03
07747  I 260804 0747 03
07747  O 260804 1733 03
0836   I 260804 0747 03
0836   O 260804 1705 03
0849   I 260804 0800 03
0849   O 260804 1807 03
0871   I 260804 0545 03
0871   O 260804 1603 03
08762  O 260804 0634 03
08762  I 260804 2048 03
0892   I 260804 1241 03
0892   O 260804 2233 03
09113  O 260804 0643 03
09113  I 260804 2004 03
09136  O 260804 0646 03
09136  I 260804 2004 03
09225  I 260804 1237 03
09225  O 260804 2231 03
0932   I 260804 0731 03
0932   O 260804 1731 03
0954   I 260804 0703 03
0954   O 260804 1703 03
0990   I 260804 0755 03
0990   O 260804 1810 03
1012   I 260804 0755 03
1012   O 260804 1815 03
1082   I 260804 0637 03
1082   O 260804 1641 03
1120   I 260804 1229 03
1120   O 260804 2231 03
1157   I 260804 0718 03
1157   O 260804 1731 03
1182   I 260804 1210 03
1182   O 260804 2211 03
1217   I 260804 0556 03
1217   O 260804 1731 03
1316   I 260804 1217 03
1316   O 260804 2211 03
1323   I 260804 0554 03
1323   O 260804 1535 03
1325   O 260804 0542 03
1325   I 260804 1954 03
1359   I 260804 0658 03
1359   O 260804 1734 03
1362   O 260804 0700 03
1367   I 260804 0800 03
1367   O 260804 1730 03
1372   O 260804 0701 03
1372   I 260804 2109 03
1391   I 260804 0755 03
1391   O 260804 1815 03
1393   I 260804 0740 03
1393   O 260804 1730 03
1410   I 260804 1247 03
1410   O 260804 2337 03
1414   O 260804 0701 03
1414   I 260804 2123 03
1425   I 260804 0628 03
1425   O 260804 1659 03
1427   I 260804 0808 03
1427   O 260804 1732 03
1434   O 260804 0646 03
1434   I 260804 2016 03
1446   I 260804 0658 03
1446   O 260804 1707 03
1460   I 260804 0754 03
1460   O 260804 1702 03
1475   I 260804 0615 03
1475   O 260804 1641 03
1476   O 260804 0701 03
1476   I 260804 2112 03
1493   I 260804 0725 03
1493   O 260804 1702 03
1494   O 260804 0701 03
1494   I 260804 2035 03
1496   I 260804 0623 03
1496   O 260804 1627 03
1499   I 260804 0747 03
1499   O 260804 1734 03
1500   I 260804 0726 03
1500   O 260804 1735 03
451    O 260804 0711 03
451    I 260804 2050 03
SM549  I 260804 1207 03
SM549  O 260804 2210 03
SM550  I 260804 1217 03
SM550  O 260804 2211 03
0209   I 260804 0747 01
0209   O 260804 1743 01
0318   O 260804 0624 01
0492   I 260804 1228 01
0492   O 260804 2234 01
0573   I 260804 1926 01
0578   I 260804 0733 01
0578   O 260804 1719 01
0882   I 260804 0559 01
0882   O 260804 1611 01
1227   O 260804 0603 01
1227   I 260804 2001 01
1319   O 260804 0612 01
1319   I 260804 2024 01
1346   I 260804 0541 01
1346   O 260804 1542 01
1355   I 260804 1300 01
1355   O 260804 2235 01
1360   I 260804 2015 01
1365   I 260804 1257 01
1365   O 260804 2234 01
1366   I 260804 1250 01
1366   O 260804 2251 01
1428   I 260804 0552 01
1428   O 260804 1535 01
1445   I 260804 0745 01
1445   O 260804 1723 01
1497   O 260804 0603 01
1497   I 260804 1945 01
9056   O 260804 0611 01
9056   I 260804 2030 01
